"rta","CPC","LPC","NDP","GPC","BQ"
"A0A",0.296913187595219,0.575743526946406,0.116893975947719,0.0104493095106562,0
"A0B",0.383868725253917,0.528927872491103,0.076240421375259,0.0109629808797207,0
"A0C",0.408152395591288,0.513986852280153,0.0667821874106238,0.0110785647179358,0
"A0E",0.40764363750427,0.51353065987675,0.0676960480655867,0.0111296545533928,0
"A0G",0.412622552280942,0.517995145368514,0.0587526338282057,0.0106296685223385,0
"A0H",0.410881848335266,0.520666874037611,0.0580742726496791,0.0103770049774434,0
"A0J",0.415576159235997,0.520643581019794,0.0534471944547016,0.0103330652895072,0
"A0K",0.329686582450166,0.504034517865078,0.155509235071769,0.0107650916724039,4.57294058345564e-06
"A0L",0.372376703206133,0.521648145040112,0.095317537553805,0.0106576141999502,0
"A0M",0.372376703206133,0.521648145040112,0.095317537553805,0.0106576141999502,0
"A0N",0.383237673288165,0.521395583068901,0.0847907257483645,0.0105760178945699,0
"A0P",0.295969221862322,0.49274401274512,0.200406508307638,0.010879797020434,4.60064485921441e-07
"A0R",0.295970727463151,0.49274220476476,0.200405163123331,0.0108797915440769,2.11310468104689e-06
"A1A",0.160129105332746,0.54193962111417,0.287358478733473,0.010572794819611,0
"A1B",0.162134304917,0.545046994163434,0.282197083466474,0.0106216174530922,0
"A1C",0.163916538429217,0.547808846114155,0.277609604151758,0.0106650113048703,0
"A1E",0.191761352584854,0.590958777795965,0.205936892307064,0.0113429773121175,0
"A1G",0.212505873608647,0.590763520114313,0.185607560198363,0.0111230460786778,0
"A1H",0.288623094499776,0.589943041908193,0.111120136247019,0.0103137273450113,0
"A1K",0.160129105332746,0.54193962111417,0.287358478733473,0.010572794819611,0
"A1L",0.191926998262149,0.590976221351315,0.205755133246237,0.0113416471402993,0
"A1M",0.160129105332746,0.54193962111417,0.287358478733473,0.010572794819611,0
"A1N",0.19192837946101,0.590985327811533,0.205744455798159,0.0113418369292977,0
"A1S",0.264668787857496,0.590201248741188,0.134561541141138,0.010568422260178,0
"A1V",0.415576159235997,0.520643581019794,0.0534471944547016,0.0103330652895072,0
"A1W",0.289524819642448,0.58987919026019,0.110293063854447,0.0103029262429155,0
"A1X",0.289668404663937,0.589929582419954,0.11009944900126,0.0103025639148493,0
"A1Y",0.265339726848987,0.569298124132432,0.154905014300495,0.010457134718086,0
"A2A",0.415576159235997,0.520643581019794,0.0534471944547016,0.0103330652895072,0
"A2B",0.415576159235997,0.520643581019794,0.0534471944547016,0.0103330652895072,0
"A2H",0.372376703206133,0.521648145040112,0.095317537553805,0.0106576141999502,0
"A2N",0.372376703206133,0.521648145040112,0.095317537553805,0.0106576141999502,0
"A2V",0.29596884457687,0.492744814927422,0.200406584788766,0.0108797557069418,0
"A5A",0.40764345119836,0.513530492820258,0.067696382719022,0.0111296732623599,0
"A8A",0.376970846948359,0.521541312409988,0.090864741328764,0.0106230993128894,0
"B0C",0.342353208906921,0.52379748850317,0.114067523636495,0.0197817789534136,0
"B0E",0.342353208906921,0.52379748850317,0.114067523636495,0.0197817789534136,0
"B0H",0.315866244999147,0.526570963552464,0.135751185305669,0.0218116061427197,0
"B0J",0.342222456840303,0.480293182395588,0.150242114604669,0.0272422461594396,0
"B0K",0.319687374130491,0.510345787348818,0.1476114276326,0.0223554108880906,0
"B0L",0.346820147382031,0.496729336114777,0.13657023782677,0.0198802786764222,0
"B0M",0.346829746859704,0.496717747913744,0.136574952162771,0.0198775530637808,0
"B0N",0.25735878665486,0.535013578693063,0.181211232049098,0.0264164026029785,0
"B0P",0.309026533724289,0.492408757870345,0.173756678781317,0.0248080296240498,0
"B0R",0.446162906313091,0.395880446379115,0.130270078711938,0.0276865685958559,0
"B0S",0.521451517398386,0.363155723057911,0.10091510280331,0.0144776567403932,0
"B0T",0.412609984899072,0.410464446268779,0.143352342403051,0.0335732264290973,0
"B0V",0.521456222724405,0.363153677855485,0.100913268199891,0.0144768312202186,0
"B0W",0.499101626338018,0.372870257442794,0.109629310148406,0.0183988060707822,0
"B1A",0.327890196766293,0.489204185451878,0.160807679786636,0.0220979379951926,0
"B1B",0.336811358843024,0.510542234558753,0.131977135744168,0.0206692708540545,0
"B1C",0.342353208906921,0.52379748850317,0.114067523636495,0.0197817789534136,0
"B1E",0.327890196766293,0.489204185451878,0.160807679786636,0.0220979379951926,0
"B1G",0.327890196766293,0.489204185451878,0.160807679786636,0.0220979379951926,0
"B1H",0.327890196766293,0.489204185451878,0.160807679786636,0.0220979379951926,0
"B1J",0.342352605719209,0.523796045770832,0.114069472959885,0.0197818755500742,0
"B1K",0.342237415726595,0.523520529005429,0.114441732776121,0.0198003224918537,0
"B1L",0.337249751612401,0.511590802711714,0.13056038062452,0.0205990650513649,0
"B1M",0.327895861899523,0.489217735580216,0.16078937175998,0.0220970307602801,0
"B1N",0.327890196766293,0.489204185451878,0.160807679786636,0.0220979379951926,0
"B1P",0.335448966510942,0.507283601408188,0.136379982794293,0.0208874492865775,0
"B1R",0.335282709830748,0.506885940971598,0.136917274965363,0.0209140742322903,0
"B1S",0.327890865290791,0.489205784459771,0.160805519314175,0.0220978309352631,0
"B1T",0.342353208906921,0.52379748850317,0.114067523636495,0.0197817789534136,0
"B1V",0.327890196766293,0.489204185451878,0.160807679786636,0.0220979379951926,0
"B1W",0.342353208906921,0.52379748850317,0.114067523636495,0.0197817789534136,0
"B1X",0.342353208906921,0.52379748850317,0.114067523636495,0.0197817789534136,0
"B1Y",0.339172883885408,0.516190639653078,0.124345388763646,0.0202910876978682,0
"B2A",0.33355234256059,0.502747168302075,0.142509307635867,0.0211911815014681,0
"B2C",0.342353208906921,0.52379748850317,0.114067523636495,0.0197817789534136,0
"B2E",0.342353208906921,0.52379748850317,0.114067523636495,0.0197817789534136,0
"B2G",0.342352994579807,0.523797457846684,0.114067746245865,0.0197818013276443,0
"B2H",0.303861205663106,0.518291747468311,0.154046975778939,0.0238000710896444,0
"B2J",0.342353208906921,0.52379748850317,0.114067523636495,0.0197817789534136,0
"B2N",0.34683234542391,0.496716550301763,0.136573800967633,0.0198773033066939,0
"B2R",0.234955305973867,0.542081126334301,0.198544397770471,0.0244191699213604,0
"B2S",0.230233332537436,0.546286266796521,0.195169424842034,0.028310975824009,0
"B2T",0.266426799484532,0.531974760436428,0.176352687895915,0.0252457521831249,0
"B2V",0.458410467273669,0.408687210587427,0.101501908127255,0.0314004140116484,0
"B2W",0.454477960508141,0.410222717873613,0.103888234762356,0.0314110868558898,0
"B2X",0.413615365104231,0.43472335865362,0.121547734035332,0.0301135422068171,0
"B2Y",0.464403215459747,0.404174682057933,0.0996660934625868,0.0317560090197327,0
"B2Z",0.286183813479652,0.524401954889453,0.165456482881889,0.0239577487490059,0
"B3A",0.325004057345305,0.487745327595748,0.159916755935719,0.027333859123229,0
"B3B",0.233615196730817,0.542454430425847,0.199471121227247,0.0244592516160886,0
"B3E",0.296633987701769,0.52079373722196,0.158708361577152,0.0238639134991183,0
"B3G",0.465503364407477,0.40364644794023,0.0990985132457884,0.0317516744065044,0
"B3H",0.178153235853004,0.546528399849844,0.243573544859256,0.0317448194378961,0
"B3J",0.178164785686939,0.546522656052752,0.243567738370928,0.031744819889382,0
"B3K",0.178238234126049,0.546485683864566,0.243531387003967,0.0317446950054184,0
"B3L",0.169593961864075,0.529509452963428,0.269574890737006,0.0313216944354913,0
"B3M",0.17622769537769,0.500615925812004,0.295230128506917,0.0279262503033884,0
"B3N",0.165275897413685,0.520923571773266,0.282692298527912,0.0311082322851371,0
"B3P",0.178153235852101,0.546528399850292,0.24357354485971,0.0317448194378961,0
"B3R",0.178153235852101,0.546528399850292,0.24357354485971,0.0317448194378961,0
"B3S",0.140963339012878,0.472581371174714,0.356548941162051,0.0299063486503571,0
"B3T",0.146543271826808,0.483676305198955,0.339598232110087,0.0301821908641494,0
"B3V",0.177320225439485,0.544835229223267,0.246141637660007,0.0317029076772406,0
"B3Z",0.26946346705807,0.443236521797685,0.255659322944338,0.0316406881999073,0
"B4A",0.233345439122181,0.542685949964257,0.199544824727888,0.0244237861856735,0
"B4B",0.245281999168406,0.503777243203894,0.223681111381164,0.0272596462465361,0
"B4C",0.233361404634908,0.542698065466542,0.199517691211588,0.0244228386869621,0
"B4E",0.233359905089081,0.542698759113485,0.199518214946084,0.0244231208513498,0
"B4G",0.233361268069757,0.542698128637669,0.199517738908617,0.0244228643839575,0
"B4H",0.346830497764207,0.496718486992234,0.136573261252173,0.019877753991386,0
"B4N",0.204336439922154,0.55609949671368,0.209658234006463,0.0299058293577035,0
"B4P",0.204232138726993,0.556172429436267,0.209691439236976,0.0299039925997643,0
"B4R",0.204232138726993,0.556172429436267,0.209691439236976,0.0299039925997643,0
"B4V",0.41260828694569,0.410465184295934,0.143353004433922,0.033573524324454,0
"B5A",0.521456222724405,0.363153677855485,0.100913268199891,0.0144768312202186,0
"B6L",0.346826158608876,0.496719656613463,0.136576316686351,0.0198778680913105,0
"B9A",0.342353208906921,0.52379748850317,0.114067523636495,0.0197817789534136,0
"C0A",0.285963974354661,0.558184763336291,0.0726527893914764,0.0831984729175717,0
"C0B",0.300058449508705,0.512833757701729,0.0663866610265313,0.120721131763035,0
"C1A",0.278890726432786,0.528832267023435,0.0845444208030753,0.107732585740704,0
"C1B",0.281933325532478,0.582254591571461,0.0764062691548778,0.0594058137411836,0
"C1C",0.293412623372503,0.498459176559579,0.0668455397813157,0.141282660286602,0
"C1E",0.295425834907474,0.494248327057279,0.0643919045253518,0.145933933509894,0
"C1N",0.299219459150204,0.505860543391334,0.0650499791050213,0.12987001835344,0
"E1A",0.171860188724343,0.669218065491708,0.0987745985760554,0.0601471472078939,0
"E1B",0.444547063725358,0.366514159595477,0.124255140318555,0.0646836363606104,0
"E1C",0.193655193005638,0.623449657921091,0.132734918996243,0.0501602300770286,0
"E1E",0.194169145406215,0.622923325116923,0.132717548189609,0.0501899812872525,0
"E1G",0.310181603861233,0.517153571101222,0.109507969035539,0.0631568560020057,0
"E1H",0.165664513560075,0.68266410486233,0.0884763642587754,0.0631950173188196,0
"E1J",0.446618814479674,0.364393820870028,0.124183168567268,0.0648041960830302,0
"E1N",0.408837121698954,0.477425610095303,0.0572311278927857,0.0565061403129572,0
"E1V",0.408790237960931,0.477472482847253,0.0572350219480902,0.056502257243726,0
"E1W",0.110577876487248,0.775614965446364,0.0820038538928012,0.0318033041735861,0
"E1X",0.110645055231845,0.775547802443486,0.0819982741809913,0.0318088681436774,0
"E2A",0.110611391877998,0.775581635806105,0.0820009511616752,0.0318060211542217,0
"E2E",0.307992641691586,0.55268284046625,0.10434675952135,0.0349777583208135,0
"E2G",0.308437056881736,0.552079255020743,0.104410334192276,0.0350733539052454,0
"E2H",0.307992641691586,0.55268284046625,0.10434675952135,0.0349777583208135,0
"E2J",0.307992641691586,0.55268284046625,0.10434675952135,0.0349777583208135,0
"E2K",0.308445033224896,0.552069245322541,0.104411044104109,0.0350746773484541,0
"E2L",0.307992641691586,0.55268284046625,0.10434675952135,0.0349777583208135,0
"E2M",0.443607623780015,0.395588186584528,0.10956230533379,0.0512418843016671,0
"E2N",0.308475611129792,0.55202689231239,0.104415849470978,0.03508164708684,0
"E2P",0.366119424751568,0.485349521348812,0.106582227132012,0.0419488267676083,0
"E2S",0.417516282169411,0.403932579906748,0.120014381952538,0.0585367559713027,0
"E2V",0.42825455195449,0.403132760915236,0.108950564254501,0.0596621228757726,0
"E3A",0.416051871423495,0.456169241554292,0.0657285128360761,0.0620503741861376,0
"E3B",0.418629917874548,0.407553468498003,0.108055689904833,0.0657609237226164,0
"E3C",0.409239232545193,0.408658974367135,0.105664700353944,0.0764370927337277,0
"E3E",0.511135469899739,0.326447155575932,0.0978134850218412,0.0646038895024878,0
"E3G",0.455225502047136,0.36505426259919,0.0989570133435483,0.080763222010126,0
"E3L",0.445659356765114,0.393211485439947,0.10964121186177,0.0514879459331686,0
"E3N",0.263100079884045,0.651584532061045,0.0502504573820459,0.0349869444267035,7.79862461610223e-05
"E3V",0.263083211778541,0.651690902089445,0.0502390432601019,0.0349868428719124,0
"E3Y",0.263083211779032,0.651690902088803,0.0502390432601953,0.0349868428719695,0
"E3Z",0.386155358781251,0.490903327681439,0.0736408670110415,0.0493004465262683,0
"E4A",0.408837201545417,0.477425427482814,0.0572312415404179,0.0565061294313507,0
"E4B",0.4088435486743,0.477410911310672,0.0572402755807765,0.0565052644342524,0
"E4C",0.445649469633076,0.393234097760104,0.109627139239113,0.0514892933677069,0
"E4E",0.44666154496119,0.364349989309763,0.124183032287053,0.0648054334419934,0
"E4G",0.446024897744434,0.382684461073291,0.11494523689436,0.0563454042879149,0
"E4H",0.446661249057131,0.364349111503554,0.124183691080658,0.0648059483586561,0
"E4J",0.446661590217813,0.364348685987842,0.124183688963798,0.0648060348305468,0
"E4K",0.162189876381059,0.690251691259076,0.082631656354623,0.0649267760052427,0
"E4L",0.162149223589474,0.690298710706274,0.0826263864389895,0.0649256792652626,0
"E4M",0.162188685877705,0.690257393050646,0.0826379828303829,0.0649159382412663,0
"E4N",0.162144175069958,0.690304048642633,0.0826249808847018,0.0649267954027073,0
"E4P",0.162144175069958,0.690304048642633,0.0826249808847018,0.0649267954027073,0
"E4R",0.162144175069958,0.690304048642633,0.0826249808847018,0.0649267954027073,0
"E4S",0.162210272239553,0.690247011494031,0.0826181770346899,0.0649245392317256,0
"E4T",0.383892326881012,0.498940109560711,0.0598086324698324,0.0573589310884446,0
"E4V",0.162144175069958,0.690304048642633,0.0826249808847018,0.0649267954027073,0
"E4W",0.216817430096878,0.643124924474424,0.0769970753457927,0.0630605700829051,0
"E4X",0.162144264339675,0.690303971609227,0.0826249716955374,0.064926792355561,0
"E4Y",0.408714538424585,0.477531390728257,0.0572437462578064,0.0565103245893516,0
"E4Z",0.446658123238565,0.364359050584221,0.124177552112469,0.0648052740647445,0
"E5A",0.445659356765114,0.393211485439947,0.10964121186177,0.0514879459331686,0
"E5B",0.445659356765114,0.393211485439947,0.10964121186177,0.0514879459331686,0
"E5C",0.445659356765114,0.393211485439947,0.10964121186177,0.0514879459331686,0
"E5E",0.445659356765114,0.393211485439947,0.10964121186177,0.0514879459331686,0
"E5G",0.445659356765114,0.393211485439947,0.10964121186177,0.0514879459331686,0
"E5H",0.445659356765114,0.393211485439947,0.10964121186177,0.0514879459331686,0
"E5J",0.445659356765114,0.393211485439947,0.10964121186177,0.0514879459331686,0
"E5K",0.445698337041387,0.391377510392517,0.110579289581269,0.0523448629848273,0
"E5L",0.445659356765114,0.393211485439947,0.10964121186177,0.0514879459331686,0
"E5M",0.445659356765101,0.393211485439955,0.109641211861763,0.0514879459331818,0
"E5N",0.44663264608859,0.364387996649414,0.1241795484359,0.0647998088260967,0
"E5P",0.445860090266512,0.387430665832943,0.11255386892767,0.0541553749728759,0
"E5R",0.446661590217813,0.364348685987842,0.124183688963798,0.0648060348305468,0
"E5S",0.430623773030132,0.386130554039938,0.121889440313729,0.0613562326162016,0
"E5T",0.445804142718516,0.38904187014195,0.111742066115219,0.0534119210243146,0
"E5V",0.445659356765114,0.393211485439947,0.10964121186177,0.0514879459331686,0
"E6A",0.441183994837429,0.430152002843449,0.0698135463550385,0.0588504559640833,0
"E6B",0.513055070621595,0.325115420332244,0.0977702501445323,0.0640592589016285,0
"E6C",0.511976008504575,0.32585973500969,0.0977928821335663,0.0643713743521692,0
"E6E",0.51305628438898,0.325113646461786,0.0977707222807134,0.0640593468685199,0
"E6G",0.51305628438898,0.325113646461786,0.0977707222807134,0.0640593468685199,0
"E6H",0.51305180212396,0.325118175341253,0.0977715117333205,0.0640585108014667,0
"E6J",0.445659399149667,0.393211442614606,0.109641204396661,0.0514879538390661,0
"E6K",0.513056284388942,0.325113646461825,0.0977707222807201,0.0640593468685128,0
"E6L",0.51305628438898,0.325113646461786,0.0977707222807134,0.0640593468685199,0
"E7A",0.263038678271538,0.651473309448909,0.0502452913593572,0.0349942808784564,0.000248440041738585
"E7B",0.263080408338418,0.651677204359802,0.0502394365857868,0.0349873111037537,1.56396122394222e-05
"E7C",0.263083211778541,0.651690902089445,0.0502390432601019,0.0349868428719124,0
"E7E",0.263083211778541,0.651690902089445,0.0502390432601019,0.0349868428719124,0
"E7G",0.513045969922232,0.325127398371281,0.0977684062352109,0.0640582254712772,0
"E7H",0.51305628438898,0.325113646461786,0.0977707222807134,0.0640593468685199,0
"E7J",0.51305628438898,0.325113646461786,0.0977707222807134,0.0640593468685199,0
"E7K",0.51305628438898,0.325113646461786,0.0977707222807134,0.0640593468685199,0
"E7L",0.51305628438898,0.325113646461786,0.0977707222807134,0.0640593468685199,0
"E7M",0.51305628438898,0.325113646461786,0.0977707222807134,0.0640593468685199,0
"E7N",0.51305628438898,0.325113646461786,0.0977707222807134,0.0640593468685199,0
"E7P",0.51305628438898,0.325113646461786,0.0977707222807134,0.0640593468685199,0
"E8A",0.263083327436123,0.651676635301259,0.050240839382246,0.0349864568822315,1.27409981409112e-05
"E8B",0.263093282489126,0.651666811121263,0.0502410088427482,0.0349879957819535,1.09017649098684e-05
"E8C",0.263083211778541,0.651690902089445,0.0502390432601019,0.0349868428719124,0
"E8E",0.263093791466835,0.651678252874952,0.0502395507873166,0.0349884048708965,0
"E8G",0.228897036045234,0.679463386890374,0.0573641163501408,0.0342754607137989,4.51983562110213e-13
"E8J",0.110588349426774,0.775606455257401,0.0820016725203256,0.0318035227954999,0
"E8K",0.110577884695017,0.775614958776827,0.0820038521832334,0.0318033043449227,0
"E8L",0.110627085685406,0.775565767779196,0.0819997666901337,0.0318073798452648,0
"E8M",0.110577876487248,0.775614965446364,0.0820038538928012,0.0318033041735861,0
"E8N",0.110577876487248,0.775614965446364,0.0820038538928012,0.0318033041735861,0
"E8P",0.110577876487248,0.775614965446364,0.0820038538928012,0.0318033041735861,0
"E8R",0.110577876487248,0.775614965446364,0.0820038538928012,0.0318033041735861,0
"E8S",0.110577876487248,0.775614965446364,0.0820038538928012,0.0318033041735861,0
"E8T",0.110577876487248,0.775614965446364,0.0820038538928012,0.0318033041735861,0
"E9A",0.408819252591089,0.477441029862396,0.0572329672866736,0.0565067502598412,0
"E9B",0.408837121698954,0.477425610095303,0.0572311278927857,0.0565061403129572,0
"E9C",0.408837121698954,0.477425610095303,0.0572311278927857,0.0565061403129572,0
"E9E",0.403598618415283,0.483686097145114,0.056982050221948,0.0557332342176553,0
"E9G",0.408837121698954,0.477425610095303,0.0572311278927857,0.0565061403129572,0
"E9H",0.365271021114993,0.520981502014327,0.0608496278721896,0.05289784899849,0
"G0A",0.458208390367218,0.192294495136853,0.0419749092122732,0.0196433501600017,0.287878855123655
"G0C",0.253294527035604,0.191737857696468,0.107793769529206,0.0204710190372413,0.426702826701481
"G0E",0.253295530945324,0.191732956206133,0.107794906538875,0.0204709307122251,0.426705675597443
"G0G",0.528375612062959,0.181122366471046,0.0292909209845738,0.0146031583840713,0.24660794209735
"G0H",0.528370544945478,0.181122885712804,0.0292918605917146,0.0146032277609793,0.246611480989024
"G0J",0.226688453058647,0.206980228305934,0.0931566178605886,0.0193389638105455,0.453835736964285
"G0K",0.164232799404206,0.241120564501825,0.0587464370967748,0.0188835759378005,0.517016623059395
"G0L",0.170776825500581,0.220882911087075,0.0616933012810465,0.0413015650714908,0.505345397059806
"G0M",0.562599657653999,0.200324005003923,0.0419562653952486,0.018801211819928,0.176318860126902
"G0N",0.234823397792767,0.388270972949415,0.0767464883904954,0.0238474207229029,0.276311720144419
"G0P",0.401754736561892,0.245377765557689,0.0590552790355658,0.0240158542166701,0.269796364628183
"G0R",0.352132803734918,0.186932896611308,0.0541128768888923,0.0389968538849088,0.367824568879973
"G0S",0.296116648055706,0.284190947183202,0.0625521786841325,0.0261142172051092,0.33102600887185
"G0T",0.515324591544201,0.183943997847092,0.030729992715758,0.0153539843662385,0.25464743352671
"G0V",0.465071100886925,0.182910458480413,0.0422185579018061,0.0209418706689565,0.288858012061899
"G0W",0.14039291281308,0.365719118339233,0.0724874162657891,0.0311752470299157,0.390225305551983
"G0X",0.250254433754435,0.403642051841285,0.0572539167018565,0.025382054589616,0.263467543112808
"G0Y",0.16959963450934,0.42567451976801,0.0836697848825992,0.0248518573544524,0.296204203485598
"G0Z",0.377312361393509,0.176567456388488,0.0494710758871234,0.0263368344124859,0.370312271918394
"G1B",0.413156317630751,0.206091578984274,0.0420822120155574,0.021257100146046,0.317412791223372
"G1C",0.379037500304155,0.236032345561525,0.0831362487003475,0.0346195985544649,0.267174306879508
"G1E",0.374962200740625,0.239433988185018,0.0877890254774511,0.0361207011763465,0.261694084420559
"G1G",0.51405681280189,0.196943242218146,0.0529656897710305,0.0297717777639478,0.206262477444986
"G1H",0.505955316544919,0.199540362943109,0.0549844255364153,0.0301422430846915,0.209377651890866
"G1J",0.374778017230289,0.239509134318201,0.0878264938436941,0.0361298545530941,0.261756500054722
"G1K",0.234539317755653,0.355556154232486,0.117503728550282,0.0429108221843616,0.249489977277216
"G1L",0.374511884636963,0.239728759629074,0.0878828004640157,0.0361427248377955,0.261733830432152
"G1M",0.233811121263628,0.356352319232086,0.117366409119788,0.0429780225655671,0.249492127818931
"G1N",0.233168813294327,0.356371804343859,0.117787257312838,0.0429781355104104,0.249693989538565
"G1P",0.237406753383776,0.358231970921984,0.113730470643965,0.0431153273702159,0.247515477680059
"G1R",0.233168813294327,0.356371804343859,0.117787257312838,0.0429781355104104,0.249693989538565
"G1S",0.232935517080886,0.356453141442837,0.117715357242671,0.042993382131713,0.249902602101893
"G1T",0.145365031065481,0.386983981114346,0.0907268176674077,0.0487163813088935,0.328207788843872
"G1V",0.0998552434989342,0.402850651392596,0.0767010567217412,0.0516905851605329,0.368902463226196
"G1W",0.0985943658947386,0.403277120551347,0.0763089418123423,0.0517712915614357,0.370048280180137
"G1X",0.0986190108570405,0.403281655287904,0.0763200594805747,0.0517713767458521,0.370007897628629
"G1Y",0.0986671302181679,0.40324829039126,0.0763040267662345,0.0517670191070261,0.370013533517311
"G2A",0.347039492286206,0.334138500817621,0.0612368375254679,0.0409515432836468,0.216633626087058
"G2B",0.290170359823625,0.380234430926031,0.0640669191910397,0.0447316534178394,0.220796636641465
"G2C",0.290073088399489,0.380850696079409,0.0641158856270377,0.0447584387039342,0.22020189119013
"G2E",0.266920994225812,0.38201282376227,0.0680828274185526,0.0454141177484233,0.237569236844942
"G2G",0.0987175671422093,0.403277874428929,0.0763012987601757,0.0517687302896806,0.369934529379005
"G2J",0.513800601872166,0.197162115183897,0.0529751045606945,0.0297892750981508,0.206272903285092
"G2K",0.418993503265045,0.273088510634781,0.0590625902098921,0.0359824409595387,0.212872954930744
"G2L",0.458248589483143,0.208615351653586,0.0579634828540747,0.0290624131069051,0.246110162902292
"G2M",0.514068343075248,0.196938683661182,0.0529610797099545,0.029770625440582,0.206261268113034
"G2N",0.514175146189471,0.196879531234138,0.0529476879026217,0.0297523498633134,0.206245284810456
"G3A",0.595827718675028,0.149854855246971,0.0418043200918108,0.0147873056273855,0.197725800358804
"G3B",0.41325086439457,0.206021698970657,0.0419902564248879,0.0212279896302788,0.317509190579606
"G3C",0.595898834912051,0.149833407496387,0.0417996579694721,0.0147841075512336,0.197683992070856
"G3E",0.514073144032099,0.196938251125423,0.0529616021436624,0.0297710322433156,0.2062559704555
"G3G",0.514158593054289,0.19688906042767,0.0529499459363618,0.0297553816811658,0.206247018900513
"G3H",0.595899321976874,0.149833127106451,0.0417995915284288,0.0147840183421224,0.197683941046124
"G3J",0.290551826232689,0.380564266384315,0.0640257519333194,0.0447197186337652,0.220138436815911
"G3K",0.290139113280923,0.380876126579068,0.064055793195796,0.0447601802435587,0.220168786700655
"G3L",0.595899321976874,0.149833127106451,0.0417995915284288,0.0147840183421224,0.197683941046124
"G3M",0.595896172608299,0.149835164940851,0.0417999008527127,0.0147840927155081,0.197684668882629
"G3N",0.595899321976285,0.149833127106896,0.0417995915284717,0.0147840183421801,0.197683941046168
"G3S",0.595899321976662,0.149833127106611,0.0417995915284442,0.0147840183421431,0.19768394104614
"G3Z",0.41323492157316,0.206023135317735,0.04198852154837,0.0212266387363775,0.317526782824357
"G4A",0.41323492157316,0.206023135317735,0.04198852154837,0.0212266387363775,0.317526782824357
"G4R",0.528375576882206,0.181122413643132,0.0292909468873395,0.0146031578204384,0.246607904766884
"G4S",0.528375612177931,0.181122366316885,0.0292909208999234,0.0146031583859133,0.246607942219348
"G4T",0.253295530945324,0.191732956206133,0.107794906538875,0.0204709307122251,0.426705675597443
"G4V",0.253295530945324,0.191732956206133,0.107794906538875,0.0204709307122251,0.426705675597443
"G4W",0.253295530945324,0.191732956206133,0.107794906538875,0.0204709307122251,0.426705675597443
"G4X",0.253295530945324,0.191732956206133,0.107794906538875,0.0204709307122251,0.426705675597443
"G4Z",0.528375612174484,0.181122366317018,0.029290920900907,0.0146031583859868,0.246607942221605
"G5A",0.413234921572994,0.20602313531774,0.0419885215483844,0.0212266387363973,0.317526782824484
"G5B",0.528375612177931,0.181122366316885,0.0292909208999234,0.0146031583859133,0.246607942219348
"G5C",0.528375612177931,0.181122366316885,0.0292909208999234,0.0146031583859133,0.246607942219348
"G5H",0.163581730866163,0.243132565387884,0.0584530845020935,0.0166553007330656,0.518177318510795
"G5J",0.163620768643948,0.243110199525333,0.0584745549456875,0.0166569610541656,0.518137515830866
"G5L",0.163581730866163,0.243132565387884,0.0584530845020935,0.0166553007330656,0.518177318510795
"G5M",0.163581730866163,0.243132565387884,0.0584530845020935,0.0166553007330656,0.518177318510795
"G5N",0.163581730866163,0.243132565387884,0.0584530845020935,0.0166553007330656,0.518177318510795
"G5R",0.173454034232273,0.213042860016856,0.0628218949421839,0.0499636204648256,0.500717590343861
"G5T",0.173312484965171,0.213067249812957,0.0628339734397765,0.0499803903923851,0.50080590138971
"G5V",0.173308366034154,0.213047124537934,0.0628345513302584,0.0499810783381123,0.500828879759541
"G5X",0.690622612280231,0.126914448331249,0.0283676675623008,0.0168302670267408,0.137265004799479
"G5Y",0.690622612280231,0.126914448331249,0.0283676675623008,0.0168302670267408,0.137265004799479
"G5Z",0.690622612280231,0.126914448331249,0.0283676675623008,0.0168302670267408,0.137265004799479
"G6A",0.690622612280231,0.126914448331249,0.0283676675623008,0.0168302670267408,0.137265004799479
"G6B",0.169597590799266,0.425676462711896,0.0836700409790487,0.0248512754197675,0.296204630090022
"G6C",0.593321171679864,0.150165018119662,0.0434307390750405,0.0252593065270353,0.187823764598398
"G6E",0.690622612280231,0.126914448331249,0.0283676675623008,0.0168302670267408,0.137265004799479
"G6G",0.169597590799266,0.425676462711896,0.0836700409790487,0.0248512754197675,0.296204630090022
"G6H",0.169597590799266,0.425676462711896,0.0836700409790487,0.0248512754197675,0.296204630090022
"G6J",0.165487523411327,0.280442298002377,0.0702232733266156,0.0345440895239504,0.44930281573573
"G6K",0.165487523411327,0.280442298002377,0.0702232733266156,0.0345440895239504,0.44930281573573
"G6L",0.169605605166485,0.425670238565904,0.0836691912453884,0.0248512465799388,0.296203718442283
"G6P",0.489569101516226,0.17717906531661,0.0497446473017527,0.0236998528195199,0.259807333045891
"G6R",0.489569101516226,0.17717906531661,0.0497446473017527,0.0236998528195199,0.259807333045891
"G6S",0.489569101516226,0.17717906531661,0.0497446473017527,0.0236998528195199,0.259807333045891
"G6T",0.489569098022412,0.177179068029988,0.0497446476721889,0.0236998528320924,0.259807333443319
"G6V",0.592403428383602,0.150624305390445,0.0435903783623882,0.025298104449432,0.188083783414133
"G6W",0.423973709214898,0.20178422292373,0.0540368720319031,0.0289424872405318,0.291262708588936
"G6X",0.165487523411327,0.280442298002377,0.0702232733266156,0.0345440895239504,0.44930281573573
"G6Y",0.593426064091138,0.150133077906272,0.0434241703221312,0.0252570301673319,0.187759657513127
"G6Z",0.165780262237597,0.280353157706477,0.0702049409325617,0.0345377365489386,0.449123902574426
"G7A",0.165473129223357,0.280470308404299,0.070224608533525,0.0345480144441706,0.449283939394648
"G7B",0.473593011700552,0.178208756251755,0.0416274750083974,0.0207135067426083,0.285857250296686
"G7G",0.472544773665272,0.178808646298006,0.0417152008396364,0.0207459325670807,0.286185446630005
"G7H",0.473577179460866,0.178211528768727,0.0416282490958366,0.0207143648553123,0.285868677819258
"G7J",0.473522485472118,0.178221106693882,0.0416309232550243,0.0207173292878764,0.285908155291099
"G7K",0.473593011700552,0.178208756251755,0.0416274750083974,0.0207135067426083,0.285857250296686
"G7N",0.434084958599838,0.200815321917239,0.0449333060467457,0.0219357129453809,0.298230700490796
"G7P",0.137518738802162,0.324577379035177,0.065726462477761,0.0338020095808018,0.438375410104099
"G7S",0.142999914353774,0.236101699159512,0.0577911995985081,0.0386317636517137,0.524475423236492
"G7T",0.142839869133944,0.236129726026524,0.0577990247070056,0.0386404381563812,0.524590941976145
"G7X",0.142841407365043,0.236129456654064,0.0577989494981167,0.0386403547837303,0.524589831699046
"G7Y",0.143083000800346,0.236087149191753,0.0577871372437573,0.0386272603384041,0.524415452425739
"G7Z",0.142839869133944,0.236129726026524,0.0577990247070056,0.0386404381563812,0.524590941976145
"G8A",0.142839869133944,0.236129726026524,0.0577990247070056,0.0386404381563812,0.524590941976145
"G8B",0.142827451172187,0.236335665692957,0.0578174837386774,0.0386291742880404,0.524390225108138
"G8C",0.142839869133944,0.236129726026524,0.0577990247070056,0.0386404381563812,0.524590941976145
"G8E",0.142839869133892,0.236129726027385,0.0577990247070828,0.0386404381563341,0.524590941975306
"G8G",0.13463564551367,0.372188695192262,0.0699944257414723,0.0311986939707743,0.391982539581821
"G8H",0.13463564551367,0.372188695192262,0.0699944257414723,0.0311986939707743,0.391982539581821
"G8J",0.134636554192465,0.372188805002706,0.0699943856063991,0.0311986457497087,0.391981609448722
"G8K",0.13463564551367,0.372188695192262,0.0699944257414723,0.0311986939707743,0.391982539581821
"G8L",0.134637929600322,0.372187385083507,0.0699942378359611,0.0311986234544405,0.39198182402577
"G8M",0.13463564551367,0.372188695192262,0.0699944257414723,0.0311986939707743,0.391982539581821
"G8N",0.134734110048182,0.372128879923065,0.0699843752323381,0.0311952754205695,0.391957359375845
"G8P",0.237835496003663,0.263190553517548,0.116100603981143,0.030346308479571,0.352527038018075
"G8T",0.29974344430767,0.360811826702943,0.0593850291615939,0.0237431824647127,0.25631651736308
"G8V",0.245429460066979,0.421352214802955,0.0484554058720382,0.023969253755771,0.260793665502257
"G8W",0.246917078403176,0.419694060044524,0.048754759864211,0.0239630618366443,0.260671039851445
"G8Y",0.368715680691149,0.283932805265711,0.0732643379924283,0.0234560990782814,0.250631076972431
"G8Z",0.368770813549922,0.283871352129582,0.0732754323981453,0.0234558695985859,0.250626532323764
"G9A",0.368753793034567,0.283861954352215,0.073281578985352,0.023456087145833,0.250646586482033
"G9B",0.23791057778073,0.221519976022545,0.139599512374685,0.0239256797827232,0.377044254039317
"G9C",0.368754007691881,0.283890084564376,0.0732720505490687,0.023455939549669,0.250627917645005
"G9H",0.239654172393286,0.1759384141722,0.0491372498529736,0.0295677620287331,0.505702401552807
"G9N",0.239032521427236,0.428415473184995,0.0471980180198959,0.0239958530192289,0.261358134348644
"G9P",0.239042181585825,0.428471713097139,0.0471700914429744,0.0239958395478606,0.261320174326201
"G9R",0.2388440818908,0.427318408071986,0.0477427783528761,0.0239961158035675,0.26209861588077
"G9T",0.239042181585825,0.428471713097139,0.0471700914429744,0.0239958395478606,0.261320174326201
"G9X",0.256472036978009,0.414862260711856,0.046907781890217,0.0235459096085613,0.258212010811357
"H1A",0.34980983031763,0.205990244659615,0.0490783019192307,0.0301153463574802,0.365006276746043
"H1B",0.351617392700373,0.205028364949076,0.0481706993097675,0.0300728209603405,0.365110722080443
"H1C",0.0798998611873467,0.358527645536758,0.206384897023005,0.0401413269789127,0.315046269273978
"H1E",0.0793785896221565,0.359419409047834,0.206593728399868,0.040159111080219,0.314449161849923
"H1G",0.124633635984783,0.502895883627553,0.108436892753026,0.0415543786386954,0.222479208995943
"H1H",0.133339456525236,0.529141994318805,0.0902474716620503,0.0417380441355477,0.205533033358361
"H1J",0.0787308811871291,0.358939107483351,0.207340242122699,0.0402066996239186,0.314783069582902
"H1K",0.179191626725897,0.302264165820301,0.148748588147039,0.0364759783588475,0.333319640947916
"H1L",0.35232860997928,0.20462070827172,0.0477415358860314,0.0300440034292966,0.365265142433672
"H1M",0.134899789241781,0.43708435670845,0.132493660678022,0.0339840258185603,0.261538167553186
"H1N",0.21927612682516,0.419582683973613,0.0717159490457874,0.029716016627086,0.259709223528353
"H1P",0.158014371661054,0.59116637193306,0.105440529719027,0.029562019105625,0.115816707581234
"H1R",0.174191908036715,0.638551763210403,0.0846474868364601,0.0273901462057278,0.0752186957106948
"H1S",0.181845138296827,0.506781232082045,0.0856435555937048,0.0329209381944182,0.192809135833005
"H1T",0.156713752535911,0.547000615460708,0.0839297529265497,0.0291669990329769,0.183188880043854
"H1V",0.152869696990336,0.526710431948043,0.0838402321805588,0.0295568800470841,0.207022758833979
"H1W",0.145539233231127,0.499703726882186,0.115966800867297,0.0309970347475263,0.207793204271863
"H1X",0.0645932640168551,0.215523062121862,0.471595110380737,0.0462208797209843,0.202067683759561
"H1Y",0.0645931407044319,0.2155222379684,0.471595961937884,0.046220831365247,0.202067828024037
"H1Z",0.168851142225129,0.623617917794357,0.0966053087570363,0.0294594335602653,0.0814661976632122
"H2A",0.0949454899863873,0.417367074023383,0.263189870203258,0.0579212708025587,0.166576294984413
"H2B",0.132564185753732,0.525244854558561,0.0923249322504673,0.042977188070378,0.206888839366862
"H2C",0.126691970169576,0.478302865373905,0.116892091589494,0.0572178607173984,0.220895212149626
"H2E",0.0924020106499943,0.401383124884621,0.279555119241865,0.0571261629492651,0.169533582274254
"H2G",0.0650098130605551,0.215838008826516,0.469639887018847,0.0462134431383462,0.203298847955736
"H2H",0.156667969705748,0.256491752145366,0.0500994174812288,0.0425954946151121,0.494145366052545
"H2J",0.139839504923727,0.324641308249673,0.157710061929855,0.0492124161378789,0.328596708758865
"H2K",0.156601153742911,0.260730295576737,0.0506619968832227,0.0423911038120851,0.489615449985044
"H2L",0.156668321489594,0.256491908884311,0.0500978070207143,0.0425954807785399,0.494146481826841
"H2M",0.126567497375794,0.478172783939348,0.117275397877946,0.0572381274829011,0.220746193324011
"H2N",0.126603481666475,0.478242223939901,0.117110037996405,0.057237242733776,0.220807013663443
"H2P",0.0955539067961266,0.418324897368086,0.25979324573383,0.0580006615390952,0.168327288562862
"H2R",0.0945801737366693,0.415941934433898,0.264512788037424,0.0579804266546888,0.16698467713732
"H2S",0.064989925391624,0.216770321565852,0.470254596581017,0.0462900758849752,0.201695080576531
"H2T",0.121382301068478,0.398432724398888,0.275350261720619,0.0563946571682647,0.14844005564375
"H2V",0.118297024861121,0.388418274386491,0.285992549613411,0.0558357906648298,0.151456360474147
"H2W",0.135069693485706,0.345880214475109,0.1905360537701,0.0512462386494138,0.277267799619672
"H2X",0.16570891941735,0.285518123427488,0.0722024019496656,0.0444484136587539,0.432122141546742
"H2Y",0.156668321489594,0.256491908884311,0.0500978070207143,0.0425954807785399,0.494146481826841
"H2Z",0.175812224744671,0.317956321693738,0.0969053556136323,0.0465191557478757,0.362806942200083
"H3A",0.211973579288713,0.434057849884108,0.185321199417956,0.0539306746942069,0.114716696715016
"H3B",0.211967169792511,0.434037271221796,0.18530552796366,0.0539293610237669,0.114760669998266
"H3C",0.162239980122606,0.274593071697205,0.0637156646765444,0.0437109662798607,0.455740317223785
"H3E",0.211940935907762,0.434173798270037,0.185238352130721,0.0539041732346345,0.114742740456846
"H3G",0.211941624075921,0.434342709661683,0.185393265130252,0.0539915701647571,0.114330830967387
"H3H",0.210162243262796,0.448005537329216,0.189064489829539,0.0569431883078845,0.0958245412705641
"H3J",0.211973582480625,0.434057860132229,0.1853212072223,0.0539306753484114,0.114716674816435
"H3K",0.211956980739372,0.433992877953467,0.185218070820069,0.0539242673032377,0.114907803183855
"H3L",0.126835382225207,0.478267187455611,0.116865216398307,0.0571666277603987,0.220865586160476
"H3M",0.126999365619784,0.478219542758266,0.116818943679705,0.0571066626371772,0.220855485305068
"H3N",0.094791155440474,0.415887140760786,0.264223806954387,0.0579619067065471,0.167135990137805
"H3P",0.196206617343615,0.27347426419258,0.0889519692405922,0.0429089030746779,0.398458246148535
"H3R",0.19523542664348,0.27447013956046,0.0910217620148346,0.0430855629104798,0.396187108870746
"H3S",0.145254799217514,0.358409896732083,0.215458540764,0.0521262044729867,0.228750558813416
"H3T",0.121517694552243,0.398868881759365,0.27488231156676,0.0564189174899946,0.148312194631638
"H3V",0.121517694554251,0.398868881761365,0.274882311564937,0.0564189174901855,0.148312194629261
"H3W",0.188276723389469,0.351123674693803,0.146781600609024,0.0510934643357712,0.262724536971933
"H3X",0.197787624292145,0.30025599937932,0.102493300157936,0.0458326495163218,0.353630426654278
"H3Y",0.206430351665109,0.48346541673281,0.197819753990706,0.0644929679773064,0.0477915096340694
"H3Z",0.206456222768839,0.483234824135809,0.197761421367316,0.064443672147709,0.0481038595803268
"H4A",0.206411340252903,0.483062410863702,0.197610064330179,0.0644519208631978,0.0484642636900174
"H4B",0.209801366756822,0.48695314697205,0.192152638517201,0.0637215680964697,0.047371279657457
"H4C",0.228571572583016,0.491808806332762,0.159785894377506,0.0570991936394193,0.0627345330672968
"H4E",0.250075412303026,0.527471288613376,0.124382991723411,0.0543234036661339,0.0437469036940535
"H4G",0.250430763532148,0.528485220425758,0.123820266058377,0.0543392650669306,0.0429244849167863
"H4H",0.250764222803183,0.529303992834296,0.123286996107213,0.0543428079169329,0.0423019803383757
"H4J",0.126664164544498,0.478328419540256,0.116917150533324,0.057232464928452,0.220857800453469
"H4K",0.166327671278807,0.490658500896493,0.113246827240694,0.049430996087219,0.180336004496787
"H4L",0.274440561609822,0.524288027951837,0.103236328883595,0.028167515026461,0.0698675665282852
"H4M",0.274370376886741,0.523070049982103,0.10312216611622,0.0281779760205974,0.0712594309943383
"H4N",0.242292193662381,0.512630707446337,0.106191030138424,0.0344806455460819,0.104405423206776
"H4P",0.196651368353169,0.271962149831785,0.0874252356887278,0.0428296454497703,0.401131600676548
"H4R",0.274774778919925,0.524392683466774,0.103205459517338,0.0281017825023471,0.0695252955936158
"H4S",0.274778249794272,0.524226627279731,0.10317597986491,0.0280972007721396,0.0697219422889474
"H4T",0.274753621456801,0.522345547815878,0.1028662097295,0.0280657256801664,0.0719688953176547
"H4V",0.2036028010849,0.42352671080677,0.166632796650328,0.058388067056402,0.1478496244016
"H4W",0.196475641439884,0.271394772748297,0.0874679150384113,0.0428826834578007,0.401778987315607
"H4X",0.20481206601543,0.448872206119045,0.179788646705314,0.0609647825166484,0.105562298643563
"H7A",0.190212609564415,0.449589586039748,0.0756903871187691,0.0319181860986505,0.252589231178417
